Antony
0
28.77
6.42
29.17
16.56
3.46
14.8
2.96
6.72
9.47
27.9
26.6
23.33
5.93
20.48
30.46
17.53
25.36
6.57
25.82
9.4
23.59
13.19
8.04
23.16
20.12
21.77
28.25
16.77
4.04
19.4
16.87
9.21
21.72
20.18
32.37
Asnieres-sur-Seine
24.01
0
18.92
2.21
11.66
20.64
16.41
23.73
18.66
16.47
2.16
3.39
2.99
19.25
11.94
2.01
12.36
3.94
19.13
3.19
14.74
19.87
13.9
16.17
8.13
4.24
5.08
9.78
12.44
22.18
7.29
14.42
15.01
18
15.85
4.99
Bagneux
6.12
18.81
0
19.21
9.79
2.75
13.59
4.77
1.03
3.9
17.94
20.75
18.04
1.62
15.46
20.5
7.08
19.47
4.62
15.86
3.71
20.87
6.79
3.51
20.74
15.16
17.41
25.69
11.75
3
14.17
12.55
3.52
19
15.16
25.98
Bois-Colombes
25.54
2.12
20.45
0
13.19
22.17
15.62
22.91
20.19
18
4.28
1.88
3.09
20.78
12.21
3.04
13.89
2.78
20.66
4.03
16.27
21.4
15.43
17.7
7.42
4.89
5.09
9.09
11.03
23.71
7.56
13.63
16.54
19.53
13.58
6.76
Boulogne-Billancourt
16.94
11.31
10.01
11.71
0
11.73
5.38
12.7
9.75
6
10.44
13.25
10.54
10.34
5.97
13
1.89
11.97
11.49
8.36
5.83
6.92
3.43
7.26
8.73
7.66
7.14
14.62
2.26
13.27
4.97
3.39
4.3
7.93
5.67
18.48
Bourg-la-Reine
3.51
21.31
3.4
21.71
12.29
0
15.57
4.68
4.34
8.41
20.44
23.25
20.54
4.35
21.25
23
12.29
21.97
5.3
18.36
7.85
24.36
13.96
5.58
23.24
17.66
19.91
29.02
17.54
2.48
20.17
17.64
8.42
22.49
20.95
28.48
Chaville
16.36
16.02
14.72
16.42
5.21
16.72
0
12.12
14
12.32
15.15
15.24
11.97
14.14
8.47
17.71
6.16
14
10.91
13.07
10.54
4.82
4.73
11.97
11.8
12.37
10.41
14.26
5.41
13.19
8.04
2.47
9.03
7.29
4.06
23.19
Chatenay-Malabry
2.9
23.79
5.18
24.19
12.98
4.83
11.22
0
4.57
7.32
22.92
23.02
19.75
3.78
16.9
25.48
10.37
21.78
3.98
20.84
7.25
20.01
8.71
7.67
19.58
20.14
18.19
24.67
13.19
2.29
15.82
13.29
7.06
18.14
16.6
30.96
Chatillon
7.04
18.54
1.02
18.94
9.52
3.67
12.27
4.5
0
2.58
17.67
20.48
17.77
1.06
15.19
20.23
6.04
19.2
4.54
15.59
3.44
20.6
5.47
3.86
20.47
14.89
17.14
25.42
11.48
3.24
13.9
12.28
3.25
18.73
14.89
25.71
Clamart
9.29
16.55
3.83
16.95
6.09
6.48
11.8
7.01
3.2
0
15.68
18.49
15.78
3.07
12.26
18.24
4.15
17.21
3.63
13.6
4.39
10.78
3.58
5.47
14.94
12.9
15.15
21.11
8.55
6.32
11.18
7.96
3.56
14.42
10.02
23.72
Clichy
23.12
1.94
18.03
4.3
10.77
19.75
15.52
22.84
17.77
15.58
0
5.55
5.06
18.36
19.4
2.71
11.47
5.92
18.24
3.61
13.85
18.98
13.01
15.28
11.58
5.22
6.9
13.23
11.55
21.29
8.78
13.53
14.12
17.11
14.96
6.27
Colombes
34.87
4.25
20.36
1.92
13.1
22.08
15.53
30.63
20.1
17.91
5.78
0
3
20.69
12.12
4.35
13.8
2.69
29.42
5.71
16.18
19.57
15.34
17.61
7.26
4.8
5
10.51
10.94
23.62
7.47
13.54
16.45
17.7
13.49
7.46
Courbevoie
22.53
3.09
17.44
2.82
10.18
19.16
12.4
19.69
17.18
14.99
4.96
2.97
0
17.77
8.99
5.1
10.88
1.78
18.48
3.5
13.26
11.61
12.42
14.69
5.22
2.7
2.17
6.87
7.81
20.7
4.34
10.41
13.53
16.52
10.36
10.43
Fontenay-aux-Roses
6.31
19.13
1.61
19.53
10.11
3.43
11.86
3.55
1.11
3.13
18.26
21.07
18.36
0
15.78
20.82
6.59
19.79
3.53
16.18
4.03
21.19
6.02
4.45
21.06
15.48
17.73
26.01
12.07
2.29
14.49
10.4
3.84
19.32
15.48
26.3
Garches
21.34
15.54
15.16
11.21
5.59
16.88
8.98
17.1
14.9
11.59
14.67
11.76
8.49
15.49
0
17.23
7.48
10.52
15.89
12.59
10.98
3.26
7.29
12.41
6.74
11.89
6.93
5.3
3.61
18.17
4.37
6.46
11.25
3.15
4.31
22.71
Gennevilliers
25.66
2.51
20.57
3.06
13.31
22.29
18.06
25.38
20.31
18.12
2.82
4.29
5.63
20.9
13.72
0
14.01
6.49
20.78
5.13
16.39
21.52
15.55
17.82
12.21
6.42
7.47
14.92
14.09
23.83
9.07
16.07
16.66
19.65
17.5
3.59
Issy-les-Moulineaux
16.26
12.4
6.92
12.8
1.94
11.73
5.8
12.02
5.18
4.1
11.53
14.34
11.63
6.58
8.11
14.09
0
13.06
6.76
9.45
4.27
6.63
1.67
7.26
10.79
8.75
11
16.96
4.4
9.45
7.03
3.81
3.44
10.27
5.87
19.57
La Garenne-Colombes
24.32
3.9
19.36
2.46
12.1
20.95
14.4
30.16
18.97
16.91
6.14
2.61
1.87
19.69
10.99
6.48
12.67
0
19.57
4.58
15.05
19.1
14.34
16.48
4.63
4.62
3.16
6.3
9.81
22.62
6.34
12.41
15.32
17.23
12.36
11.36
Le Plessis-Robinson
6.52
22.55
4.57
22.95
11.74
5.07
9.98
3.89
4.31
3.69
21.68
21.78
18.51
3.52
15.66
24.24
6.74
20.54
0
19.6
7.37
18.77
5.82
7.41
18.34
18.9
16.95
23.43
11.95
2.69
14.58
12.05
6.54
16.9
15.36
29.72
Levallois-Perret
21.27
3.03
16.18
3.52
8.92
17.9
13.67
20.99
15.92
13.73
2.3
5.53
3.14
16.51
17.55
4.95
9.62
4.34
16.39
0
12
17.13
11.16
13.43
8.48
2.26
5.23
10.13
9.7
19.44
6.77
11.68
12.27
15.26
13.11
7.91
Malakoff
10.58
14.65
3.74
15.05
5.63
7.21
10.38
7.22
3.48
4.35
13.78
16.59
13.88
4.07
11.3
16.34
5.63
15.31
7.15
11.7
0
16.71
5.81
1.8
16.58
11
13.25
21.53
7.59
5.96
10.01
8.39
0.96
14.84
11
21.82
Marnes-la-Coquette
19.46
19.58
20.92
19.98
6.64
22.64
5.43
15.22
20.66
9.18
18.71
19.57
11.42
21.25
2.92
21.27
6.6
19
14.01
16.63
16.74
0
5.81
18.17
13.5
15.93
9.86
11.09
4.66
16.29
7.3
2.91
9.47
2.39
1.25
25.76
Meudon
13.12
13.95
6.77
14.35
3.49
13.48
4.74
8.88
6.14
3.53
13.08
15.89
11.3
6.01
8.45
15.64
1.8
14.61
5.79
11
5.79
6.2
0
8.81
11.13
10.3
9.74
17.3
4.74
8.48
7.37
3.38
4.96
10.61
5.44
21.12
Montrouge
8.23
16.19
4.16
16.59
7.17
4.86
11.92
7.64
3.9
5.61
15.32
18.13
15.42
4.49
12.84
17.88
7.17
16.85
7.57
13.24
1.8
18.25
8.71
0
18.12
12.54
14.79
23.07
9.13
6.4
11.55
9.93
2.32
16.38
12.54
23.36
Nanterre
28.7
8.05
20.75
7.04
8.48
22.47
12.16
24.46
20.49
24.66
10.67
7.19
5.16
21.08
7.98
12.58
10.83
4.58
23.25
7.63
16.57
13.4
11.45
18
0
6.01
3.45
2.62
6.81
25.53
3.78
10.17
16.84
11.53
9.35
14.5
Neuilly-sur-Seine
20.83
4.43
15.74
4.38
8.48
17.46
13.23
20.55
15.48
13.29
4.59
4.93
2.88
16.07
9.61
7.15
9.18
4.83
15.95
2.13
11.56
16.69
10.72
12.99
6.1
0
2.77
7.75
9.26
19
4.96
11.24
11.83
14.82
12.67
12.63
Puteaux
22.23
5.09
18.17
5.04
7.02
19.89
10.7
17.99
17.91
15.72
8.09
4.97
2.2
18.5
6.83
7.8
11.61
3.25
16.78
5.05
13.99
9.45
9.99
15.42
3.76
3.43
0
5.41
6.11
21.43
2.64
8.71
14.26
13.06
8.2
13.52
Rueil-Malmaison
28.96
9.74
22.44
8.77
7.75
29.32
16.79
24.72
22.18
24.92
12.36
8.92
6.85
22.77
6.33
14.31
9.64
6.31
23.51
9.32
18.26
13.66
11.23
19.69
2.48
7.7
5.14
0
5.77
25.79
5.51
10.46
18.53
7.04
8.31
16.23
Saint-Cloud
17.72
11.92
11.54
10.01
1.97
13.26
6.16
13.48
11.28
7.97
11.05
10.56
7.29
11.87
3.71
13.61
3.86
9.32
12.27
8.97
7.36
4.66
5.45
8.79
7.12
8.27
5.73
5.46
0
14.55
3.36
4.17
7.63
6.77
3.41
19.09
Sceaux
4.62
22.07
2.88
22.47
13.05
2.54
12.76
2.23
3.18
5.93
21.2
24.01
21.3
2.39
18.44
23.76
8.98
22.73
2.82
19.12
5.86
21.55
8.06
6.34
21.12
18.42
20.67
26.21
14.73
0
17.36
14.83
5.67
19.68
18.14
29.24
Suresnes
19.98
7.1
13.8
6.83
4.77
15.52
8.45
15.74
13.54
10.25
8.81
7.38
4.11
14.13
4.65
8.95
6.14
6.14
14.53
6.73
9.62
7.27
7.74
11.05
3.76
5.05
2.55
5.18
3.86
16.81
0
6.46
9.89
9.73
6.02
16.85
Sevres
16.55
13.55
12.25
13.95
2.74
13.97
2.72
12.31
11.99
6.27
12.68
12.77
9.5
12.58
6.65
15.24
3.69
11.53
11.1
10.6
8.07
2.9
2.9
9.5
9.33
9.9
7.94
15.5
2.94
13.38
5.57
0
6.56
5.37
2.14
20.72
Vanves
10.51
14.88
3.57
15.28
5.86
7.14
10.61
7.05
3.31
3.58
14.01
16.82
14.11
3.9
11.53
16.57
3.75
15.54
7.1
11.93
0.92
16.94
5.04
2.28
16.81
11.23
13.48
21.76
7.82
5.79
10.24
8.62
0
15.07
11.23
22.05
Vaucresson
23.84
17.96
19.3
18.36
8.09
21.02
7.76
19.6
19.04
14.09
17.09
17.95
13.41
19.63
2.68
19.65
9.98
17.38
18.39
15.01
15.12
2.26
8.14
16.55
11.88
14.31
11.85
9.47
6.73
22.56
9.48
5.24
15.39
0
3.58
24.14
Ville-d'Avray
18.69
15.34
14.96
12.89
5.39
16.68
4.66
14.45
14.7
8.41
14.47
21.82
10.17
15.29
4.41
17.03
5.83
12.2
13.24
12.39
10.78
1.24
5.04
12.21
8.42
11.69
8.61
13.34
3.41
15.52
6.05
2.14
11.05
3.71
0
28.01
Villeneuve-la-Garenne
33.75
6.58
24.64
8.32
17.38
26.36
22.13
37.27
24.38
22.19
6.89
7.76
9.69
24.97
17.78
3.71
18.08
11.43
36.06
9.19
20.46
26.21
19.62
21.89
14.44
10.48
11.53
17.15
18.16
27.9
13.13
20.14
20.73
24.34
19.15
0
